getgenv().ttp = true;
	
		while wait(0.1) do
			if getgenv().ttp == true then
	
				game.Players.LocalPlayer.Character.HumanoidRootPart.CFrame = CFrame.new(-3626.80176, 44.8155441, -192.743652, 1, 0, 0, 0, 1, 0, 0, 0, 1)
				wait(0.5)
				game.Players.LocalPlayer.Character.HumanoidRootPart.CFrame = CFrame.new(-3579.66504, 44.8155441, -192.650101, 1, 0, 0, 0, 1, 0, 0, 0, 1)
				wait(0.5)
				game.Players.LocalPlayer.Character.HumanoidRootPart.CFrame = CFrame.new(-3580.79517, 44.7655334, -345.25647, -0.422592998, 0, -0.906319618, 0, 1, 0, 0.906319618, 0, -0.422592998)
				wait(0.5)
				game.Players.LocalPlayer.Character.HumanoidRootPart.CFrame = CFrame.new(-3431.8269, 44.7655334, -305.968658, 0, 0, -1, 0, 1, 0, 1, 0, 0)
				wait(0.5)
				game.Players.LocalPlayer.Character.HumanoidRootPart.CFrame = CFrame.new(-3507.55859, 44.8430443, -223.156067, 0, 0, -1, 0, 1, 0, 1, 0, 0)
				wait(0.5)
				game.Players.LocalPlayer.Character.HumanoidRootPart.CFrame = CFrame.new(-3523.17627, 44.7655334, -127.502655, 0, 0, -1, 0, 1, 0, 1, 0, 0)
				wait(0.5)
				game.Players.LocalPlayer.Character.HumanoidRootPart.CFrame = CFrame.new(-3563.57861, 44.7655334, -30.5877686, 0.573598742, -0, -0.81913656, 0, 1, -0, 0.81913656, 0, 0.573598742)
				wait(0.5)
				game.Players.LocalPlayer.Character.HumanoidRootPart.CFrame = CFrame.new(-3445.49146, 44.7655334, -68.686615, 1, 0, 0, 0, 1, 0, 0, 0, 1)
				--1
				wait(0.5)
				game.Players.LocalPlayer.Character.HumanoidRootPart.CFrame = CFrame.new(-3308.23511, 44.7655334, -129.372208, 0, 0, 1, 0, 1, -0, -1, 0, 0)
				wait(0.5)
				game.Players.LocalPlayer.Character.HumanoidRootPart.CFrame = CFrame.new(-3149.22729, 44.7655334, -58.3619995, 0, 0, 1, 0, 1, -0, -1, 0, 0)
				wait(0.5)
				game.Players.LocalPlayer.Character.HumanoidRootPart.CFrame = CFrame.new(-3197.48755, 44.7655334, -176.48674, 0, 0, 1, 0, 1, -0, -1, 0, 0)
				wait(0.5)
				game.Players.LocalPlayer.Character.HumanoidRootPart.CFrame = CFrame.new(-3271.65405, 44.7655334, -300.867462, -0.707134247, 0, 0.707079291, 0, 1, 0, -0.707079291, 0, -0.707134247)
				wait(0.5)
				game.Players.LocalPlayer.Character.HumanoidRootPart.CFrame = CFrame.new(-3188.80884, 44.7655334, -330.588867, -1, 0, 0, 0, 1, 0, 0, 0, -1)
				wait(0.5)
				game.Players.LocalPlayer.Character.HumanoidRootPart.CFrame = CFrame.new(-3098.92871, 44.1514435, -179.535477, 0, 0, 1, 0, 1, -0, -1, 0, 0)
				wait(0.5)
				game.Players.LocalPlayer.Character.HumanoidRootPart.CFrame = CFrame.new(-3030.51367, 44.7655334, -340.098633, -0.819156051, 0, 0.573571265, 0, 1, 0, -0.573571265, 0, -0.819156051)
				wait(0.5)
				game.Players.LocalPlayer.Character.HumanoidRootPart.CFrame = CFrame.new(-3024.32373, 45.8340454, -17.072998, 0.766061246, 0, 0.642767608, 0, 1, 0, -0.642767608, 0, 0.766061246)
	
			end
		end
