getgenv().ttp = true;
	
		while wait(0.1) do
			if getgenv().ttp == true then
		
				game.Players.LocalPlayer.Character.HumanoidRootPart.CFrame = CFrame.new(-3580.79517, 45.8487473, -345.25647, -0.422592998, 0, -0.906319618, 0, 1, 0, 0.906319618, 0, -0.422592998)
				wait(0.5)	
				game.Players.LocalPlayer.Character.HumanoidRootPart.CFrame = CFrame.new(-3507.55859, 45.9115562, -223.156067, 0, 0, -1, 0, 1, 0, 1, 0, 0)
				wait(0.5)	
				game.Players.LocalPlayer.Character.HumanoidRootPart.CFrame = CFrame.new(-3024.29517, 51.777626, -17.0390949, 0.766070843, 0.642756104, -4.14252281e-06, 4.14252281e-06, -1.13248825e-05, -1, -0.642756104, 0.766070843, -1.13248825e-05)
				wait(0.5)	
				game.Players.LocalPlayer.Character.HumanoidRootPart.CFrame = CFrame.new(-3199.47559, 44.7655296, -752.281982, -1, 0, 0, 0, 1, 0, 0, 0, -1)
				wait(0.5)	
				game.Players.LocalPlayer.Character.HumanoidRootPart.CFrame = CFrame.new(-3039.83105, 44.7024727, -775.236023, -1, 0, 0, 0, 1, 0, 0, 0, -1)
				wait(0.5)	
				game.Players.LocalPlayer.Character.HumanoidRootPart.CFrame = CFrame.new(-3384.68262, 44.7024727, -640.841248, -1, 0, 0, 0, 1, 0, 0, 0, -1)
				wait(0.5)	
				game.Players.LocalPlayer.Character.HumanoidRootPart.CFrame = CFrame.new(-3203.73071, 45.8340416, -504.385406, -1, 0, 0, 0, 1, 0, 0, 0, -1)
				wait(0.5)	
				game.Players.LocalPlayer.Character.HumanoidRootPart.CFrame = CFrame.new(-3503.88257, 44.7024765, -15.6432495, 1, 0, 0, 0, 1, 0, 0, 0, 1)
				wait(0.5)	
				game.Players.LocalPlayer.Character.HumanoidRootPart.CFrame = CFrame.new(-3288.10571, 44.7024765, -202.222473, 1, 0, 0, 0, 1, 0, 0, 0, 1)
				wait(0.5)	
				game.Players.LocalPlayer.Character.HumanoidRootPart.CFrame = CFrame.new(-3373.13477, 51.7776222, -772.737671, -1, 0, -0, 0, 0, -1, 0, -1, -0)
				wait(0.5)	
				game.Players.LocalPlayer.Character.HumanoidRootPart.CFrame = CFrame.new(-3098.92871, 44.0883865, -179.535477, 0, 0, 1, 0, 1, -0, -1, 0, 0)
				wait(0.5)	
				game.Players.LocalPlayer.Character.HumanoidRootPart.CFrame = CFrame.new(-3431.8269, 44.7024765, -305.968658, 0, 0, -1, 0, 1, 0, 1, 0, 0)
				wait(0.5)	
				game.Players.LocalPlayer.Character.HumanoidRootPart.CFrame = CFrame.new(-3563.57861, 45.8487473, -30.5877686, 0.573598742, -0, -0.81913656, 0, 1, -0, 0.81913656, 0, 0.573598742)
				wait(0.5)	
				game.Players.LocalPlayer.Character.HumanoidRootPart.CFrame = CFrame.new(-3523.22046, 51.777626, -127.502632, -5.24520874e-06, -1, -5.24520874e-06, 8.10623169e-05, 5.24520874e-06, -1, 1, -5.24520874e-06, 8.10623169e-05)
				wait(0.5)	
				game.Players.LocalPlayer.Character.HumanoidRootPart.CFrame = CFrame.new(-3149.22729, 44.7655334, -58.3619995, 0, 0, 1, 0, 1, -0, -1, 0, 0)
				wait(0.5)	
				game.Players.LocalPlayer.Character.HumanoidRootPart.CFrame = CFrame.new(-3558.88525, 44.7655296, -811.413391, -1, 0, 0, 0, 1, 0, 0, 0, -1)
				wait(0.5)	
				game.Players.LocalPlayer.Character.HumanoidRootPart.CFrame = CFrame.new(-3271.65405, 45.8487473, -300.867462, -0.707134247, 0, 0.707079291, 0, 1, 0, -0.707079291, 0, -0.707134247)
				wait(0.5)	
				game.Players.LocalPlayer.Character.HumanoidRootPart.CFrame = CFrame.new(-3188.80884, 44.7655334, -330.588867, -1, 0, 0, 0, 1, 0, 0, 0, -1)
				wait(0.5)
				game.Players.LocalPlayer.Character.HumanoidRootPart.CFrame = CFrame.new(-3523.22046, 51.777626, -127.502632, -5.24520874e-06, -1, -5.24520874e-06, 8.10623169e-05, 5.24520874e-06, -1, 1, -5.24520874e-06, 8.10623169e-05)
				wait(0.5)
				game.Players.LocalPlayer.Character.HumanoidRootPart.CFrame = CFrame.new(-3311.55762, 44.7024727, -649.207275, -1, 0, 0, 0, 1, 0, 0, 0, -1)
				wait(0.5)
				game.Players.LocalPlayer.Character.HumanoidRootPart.CFrame = CFrame.new(-3454.82031, 44.7024727, -538.401123, -1, 0, 0, 0, 1, 0, 0, 0, -1)
				wait(0.5)
				game.Players.LocalPlayer.Character.HumanoidRootPart.CFrame = CFrame.new(-3580.79517, 45.8340454, -345.25647, -0.422592998, 0, -0.906319618, 0, 1, 0, 0.906319618, 0, -0.422592998)
				wait(0.5)
				game.Players.LocalPlayer.Character.HumanoidRootPart.CFrame = CFrame.new(-3158.80713, 44.7655296, -630.991211, -1, 0, 0, 0, 1, 0, 0, 0, -1)
				wait(0.5)
				game.Players.LocalPlayer.Character.HumanoidRootPart.CFrame = CFrame.new(-3030.51367, 44.7024765, -340.098633, -0.819156051, 0, 0.573571265, 0, 1, 0, -0.573571265, 0, -0.819156051)
				wait(0.5)
				game.Players.LocalPlayer.Character.HumanoidRootPart.CFrame = CFrame.new(-3060.63232, 51.7776222, -503.332428, -1, 0, -0, 0, 0, -1, 0, -1, -0)
				wait(0.5)
				game.Players.LocalPlayer.Character.HumanoidRootPart.CFrame = CFrame.new(-3197.48755, 44.7655334, -176.48674, 0, 0, 1, 0, 1, -0, -1, 0, 0)
				wait(0.5)
				game.Players.LocalPlayer.Character.HumanoidRootPart.CFrame = CFrame.new(-3570.32446, 44.7024727, -528.430969, -1, 0, 0, 0, 1, 0, 0, 0, -1)
				wait(0.5)
				game.Players.LocalPlayer.Character.HumanoidRootPart.CFrame = CFrame.new(-3024.32373, 44.7024765, -17.072998, 0.766061246, 0, 0.642767608, 0, 1, 0, -0.642767608, 0, 0.766061246)
				wait(0.5)
				game.Players.LocalPlayer.Character.HumanoidRootPart.CFrame = CFrame.new(-3445.49146, 44.7024765, -68.686615, 1, 0, 0, 0, 1, 0, 0, 0, 1)
				wait(0.5)
				game.Players.LocalPlayer.Character.HumanoidRootPart.CFrame = CFrame.new(-3373.13477, 44.7024727, -772.69342, -1, 0, 0, 0, 1, 0, 0, 0, -1)
				wait(0.5)
				game.Players.LocalPlayer.Character.HumanoidRootPart.CFrame = CFrame.new(-3098.92871, 45.2199554, -179.535477, 0, 0, 1, 0, 1, -0, -1, 0, 0)
				wait(0.5)
				game.Players.LocalPlayer.Character.HumanoidRootPart.CFrame = CFrame.new(-3308.23511, 45.8340454, -129.372208, 0, 0, 1, 0, 1, -0, -1, 0, 0)
				wait(0.5)
				game.Players.LocalPlayer.Character.HumanoidRootPart.CFrame = CFrame.new(-3120.49707, 44.7655334, -414.819183, -1, 0, 0, 0, 1, 0, 0, 0, -1)
				wait(0.5)
				game.Players.LocalPlayer.Character.HumanoidRootPart.CFrame = CFrame.new(-3149.18311, 51.777626, -58.3620224, 0, 1, 0, 0, 0, -1, -1, 0, 0)
				wait(0.5)
				game.Players.LocalPlayer.Character.HumanoidRootPart.CFrame = CFrame.new(-3478.36646, 44.7655334, -408.732819, -1, 0, 0, 0, 1, 0, 0, 0, -1)
				wait(0.5)
				game.Players.LocalPlayer.Character.HumanoidRootPart.CFrame = CFrame.new(-3199.47559, 51.7776222, -752.326233, -1, 0, -0, 0, 0, -1, 0, -1, -0)
				wait(0.5)
				game.Players.LocalPlayer.Character.HumanoidRootPart.CFrame = CFrame.new(-3443.44409, 44.7024727, -743.165588, -1, 0, 0, 0, 1, 0, 0, 0, -1)
				wait(0.5)
				game.Players.LocalPlayer.Character.HumanoidRootPart.CFrame = CFrame.new(-3174.32349, 44.7024765, -255.053375, 1, 0, 0, 0, 1, 0, 0, 0, 1)
				wait(0.5)
				game.Players.LocalPlayer.Character.HumanoidRootPart.CFrame = CFrame.new(-3334.4834, 44.7024765, -48.8334999, 0, 0, 1, 0, 1, -0, -1, 0, 0)
				wait(0.5)

			end
		end
